{
  "nbformat": 4,
  "nbformat_minor": 0,
  "metadata": {
    "colab": {
      "provenance": [],
      "authorship_tag": "ABX9TyPau+hpie7MnIZ5SLMcSv9H",
      "include_colab_link": true
    },
    "kernelspec": {
      "name": "python3",
      "display_name": "Python 3"
    },
    "language_info": {
      "name": "python"
    }
  },
  "cells": [
    {
      "cell_type": "markdown",
      "metadata": {
        "id": "view-in-github",
        "colab_type": "text"
      },
      "source": [
        "<a href=\"https://colab.research.google.com/github/Cemile-Yaxin/WIX1002-25066696/blob/main/Python25066696.ipynb\" target=\"_parent\"><img src=\"https://colab.research.google.com/assets/colab-badge.svg\" alt=\"Open In Colab\"/></a>"
      ]
    },
    {
      "cell_type": "code",
      "execution_count": 14,
      "metadata": {
        "colab": {
          "base_uri": "https://localhost:8080/"
        },
        "id": "0CdD4aTDPhHO",
        "outputId": "d905e299-53c4-4267-e78c-c6446d2133cb"
      },
      "outputs": [
        {
          "output_type": "stream",
          "name": "stdout",
          "text": [
            "[[10 10]\n",
            " [10 10]]\n"
          ]
        }
      ],
      "source": [
        "import numpy as np\n",
        "a=np.full((2,2),10)\n",
        "print(a)"
      ]
    },
    {
      "cell_type": "code",
      "source": [
        "b=np.random.random((3,4))\n",
        "print(b)"
      ],
      "metadata": {
        "colab": {
          "base_uri": "https://localhost:8080/"
        },
        "id": "zlpnId9kRE3M",
        "outputId": "4627788d-140c-421f-cdc4-43cd49ad4b9e"
      },
      "execution_count": null,
      "outputs": [
        {
          "output_type": "stream",
          "name": "stdout",
          "text": [
            "[[0.3978105  0.52957107 0.98170822 0.27611629]\n",
            " [0.261475   0.22630228 0.87838396 0.76802452]\n",
            " [0.28570277 0.46615141 0.7903827  0.16015208]]\n"
          ]
        }
      ]
    },
    {
      "cell_type": "code",
      "source": [
        "c=np.ones((2,2))\n",
        "d=np.zeros((2,4))\n",
        "print(c)\n",
        "print(d)"
      ],
      "metadata": {
        "colab": {
          "base_uri": "https://localhost:8080/"
        },
        "id": "2hWfxhrtRS43",
        "outputId": "08b9a0f8-82eb-4da4-b57c-9ea636151009"
      },
      "execution_count": 12,
      "outputs": [
        {
          "output_type": "stream",
          "name": "stdout",
          "text": [
            "[[1. 1.]\n",
            " [1. 1.]]\n",
            "[[0. 0. 0. 0.]\n",
            " [0. 0. 0. 0.]]\n"
          ]
        }
      ]
    },
    {
      "cell_type": "code",
      "source": [
        "e=np.random.random((6,3))\n",
        "print(e)\n",
        "f=np.zeros((3,6))\n",
        "for i in range(3):\n",
        "  for j in range(6):\n",
        "    f[i,j]=e[j,i]\n",
        "print(f)"
      ],
      "metadata": {
        "colab": {
          "base_uri": "https://localhost:8080/"
        },
        "id": "qs7i78TGT5DS",
        "outputId": "c96665a6-f252-4539-eb03-b8d56652b48e"
      },
      "execution_count": 41,
      "outputs": [
        {
          "output_type": "stream",
          "name": "stdout",
          "text": [
            "[[0.72976266 0.2342757  0.6883389 ]\n",
            " [0.89731583 0.77811318 0.78687366]\n",
            " [0.52803665 0.74975119 0.30889354]\n",
            " [0.83465826 0.68947689 0.30053049]\n",
            " [0.89948216 0.98331062 0.13207729]\n",
            " [0.46588979 0.07838538 0.16819772]]\n",
            "[[0.72976266 0.89731583 0.52803665 0.83465826 0.89948216 0.46588979]\n",
            " [0.2342757  0.77811318 0.74975119 0.68947689 0.98331062 0.07838538]\n",
            " [0.6883389  0.78687366 0.30889354 0.30053049 0.13207729 0.16819772]]\n"
          ]
        }
      ]
    },
    {
      "cell_type": "code",
      "source": [
        "n=int(input(\"Please enter n: \"))\n",
        "p=int(input(\"Please enter p: \"))\n",
        "m=int(input(\"Please enter m: \"))\n",
        "arr1=np.random.random((n,p))\n",
        "arr2=np.random.random((p,m))\n",
        "print(arr1)\n",
        "print(arr2)\n",
        "arr=np.zeros((n,m))\n",
        "for i in range (n):\n",
        "  for j in range(m):\n",
        "    for k in range(p):\n",
        "      arr[i,j]=arr1[i,k]*arr2[k,j]\n",
        "print(arr)\n",
        ""
      ],
      "metadata": {
        "colab": {
          "base_uri": "https://localhost:8080/"
        },
        "id": "klxbe5cLW4ww",
        "outputId": "d98cf7e6-7e8a-4cd4-8087-0679e21ceb85"
      },
      "execution_count": 40,
      "outputs": [
        {
          "output_type": "stream",
          "name": "stdout",
          "text": [
            "Please enter n: 2\n",
            "Please enter p: 3\n",
            "Please enter m: 4\n",
            "[[0.64938235 0.86975739 0.83217033]\n",
            " [0.95502268 0.50022682 0.45043675]]\n",
            "[[0.51659574 0.60841166 0.68985798 0.39230314]\n",
            " [0.05660057 0.12815174 0.5774833  0.72894754]\n",
            " [0.74369399 0.13257101 0.70166266 0.13195966]]\n",
            "[[0.61888007 0.11032166 0.58390285 0.10981292]\n",
            " [0.3349871  0.05971485 0.31605465 0.05943948]]\n"
          ]
        }
      ]
    },
    {
      "cell_type": "code",
      "source": [],
      "metadata": {
        "id": "wTc6p2SfZbAa"
      },
      "execution_count": null,
      "outputs": []
    }
  ]
}